55966
32856
45028
57969
53875
15311
24326
63825
41568
42760
47908
64241
48426
5467
63663
5630
58687
5642
29063
6090
62135
26590
41649
63415
28923
11604
57576
18340
14002
15193
25652
2426
15544
10700
52433
45420
15526
5168
34828
52228
37668
24405
61781
46345
42454
1507
54888
35532
38608
52781
15279
30455
26634
53193
11174
3197
14008
2823
49202
51302
55550
49240
57962
19114
44589
11668
56393
5115
45896
23499
25198
5886
6305
32114
17054
13667
27354
52035
10416
30268
30482
57768
42662
59458
4206
59812
51428
25518
49664
43825
23592
51521
54395
23501
47962
41454
18491
12087
34429
47671
62357
33278
17858
14369
42991
51711
25244
55479
30528
14446
28785
15638
9409
20394
52793
7290
49053
19834
50457
39891
64212
42056
28031
8566
15251
19433
34587
36749
37915
12525
47156
38803
3633
47143
12508
44820
12872
12214
50760
20559
41348
10116
17607
33319
46385
21742
60200
59593
20520
43202
60391
50507
41620
12241
3656
40187
24622
52624
28487
45832
31102
47505
14030
59168
33595
17593
21621
58280
43201
60822
61251
11405
61683
23845
51429
38633
13643
61998
64951
57209
64008
63983
4876
34097
14906
19733
27587
11136
41872
30769
62311
43063
61952
56211
339
30932
29551
51019
15065
50489
58630
51736
9244
53358
6143
31939
24325
58655
12163
37773
34099
29112
65087
64771
32906
20793
36242
9419
9508
47213
15153
60055
10844
7538
429
40172
65145
51138
26170
60846
3215
49935
30483
51043
5535
19977
9115
36339
6220
53626
46805
22803
50304
6740
10092
18718
44503
17562
25463
11730
55135
11240
27288
18617
204
41645
29807
16395
30643
22888
9429
6649
29185
40388
55279
55416
61721
44050
57241
37571
25015
38718
30397
32792
5023
4486
40810
40727
59392
3559
54026
37598
22000
5334
45620
2699
62599
45470
57490
60878
57652
58854
10852
31138
37420
37279
33126
5996
24490
5214
28668
44807
28167
40155
18482
28088
48699
2475
39401
59653
19671
30199
48623
22829
4264
31707
29495
39894
52470
28382
28216
16495
28416
51529
10504
3467
44611
23038
27327
64658
62086
27490
40795
24748
56486
49560
52128
55878
61234
29963
21509
27352
42269
65476
61315
51256
9845
24414
34927
19714
53378
41994
58325
12149
63219
15813
9215
8980
55902
36275
27262
5812
31815
53431
25139
18700
7572
9267
34785
40383
10526
54427
59619
41960
39851
8528
24858
37475
42285
22667
21538
5360
63228
29414
30633
56491
40903
57085
40635
48690
21282
54373
64789
50239
55089
34971
3911
1857
4691
57982
3643
40246
52194
36796
31562
24968
53660
38276
9015
16051
30295
59730
49893
41924
39183
16765
58937
49678
56616
63044
24831
29817
61545
29944
61606
28025
39039
52852
52470
41841
27597
21000
41810
22862
10031
54528
13373
33430
20343
18195
27590
21371
30964
62319
50041
18110
7327
24392
19916
49345
14515
4059
20470
14648
13554
48359
30134
49075
12463
4177
45976
2856
17727
12728
60714
40359
39443
1002
38550
60433
54105
21595
18775
49684
18510
55396
45986
7432
7742
58185
20192
37118
26631
22840
56397
39552
31492
49325
5358
26999
63685
4972
9429
7844
31781
21622
9758
53585
16257
8115
42910
11941
31776
44108
31574
5001
12218
49797
16899
7561
38796
17204
61866
4872
12237
18501
34128
61247
48669
62755
2509
55230
44189
33197
55298
53032
17698
17609
21719
26686
42970
51976
27816
23877
20883
50241
61256
54861
52074
38639
17657
28086
33450
9098
53385
285
37825
2979
61696
63054
33177
8676
33386
29731
53807
24620
7033
52817
32236
24952
2381
62902
8056
19661
15787
38069
10639
59116
25347
52460
54835
4242
1649
35176
31388
57538
1928
33385
54207
17389
6450
26243
21598
11438
17449
58384
36318
61105
51955
20070
15410
62255
7865
24517
570
7652
27870
46112
27181
39983
44006
23996
42069
33841
33992
48039
55480
20838
26832
7927
46536
34296
3490
61379
29062
15810
13686
51442
25534
28727
31459
21416
6540
47904
662
46001
39944
32742
49997
50858
10481
43525
8985
50066
52041
52578
10399
26755
53009
16695
30249
38051
40209
9748
51989
11541
65030
48459
19583
33136
26079
23665
22737
5801
48222
31394
148
7017
5733
40172
21113
40451
9966
11872
46784
32621
30347
58513
28599
42978
65498
9550
40815
3340
60940
52308
42862
1973
25436
43452
25327
27539
20377
31303
16560
63383
7627
62426
5018
29690
62194
45136
6892
7669
10741
21005
8251
35634
59745
40453
3279
45396
4570
35135
17933
13448
16237
20936
53959
2850
18230
50995
28329
10244
3538
25436
34621
33431
3219
58196
48057
1276
37629
47212
2010
47354
12990
5267
48988
52566
44453
4571
64630
39137
49612
46395
1403
45586
55356
26309
28047
10803
40990
10203
40828
24114
13388
61580
63828
1293
27914
29357
22825
55564
19464
12640
49075
40397
4112
45338
39587
19858
61331
11537
3822
56546
61649
3378
49329
32832
64217
33317
45986
29995
26404
36174
57830
33167
57327
3955
36943
13303
46583
42033
35909
14132
35155
22735
51652
5625
52971
7240
1141
43673
34446
60289
26367
17612
12246
43251
62632
42802
32008
39304
48227
16582
26246
8953
18118
6071
34319
33003
23389
25400
10885
14205
6785
48487
31338
31398
35021
38256
34742
6950
25948
20676
10992
47846
28116
37127
18428
42322
53199
55174
11515
8854
20437
15950
42331
4474
53275
65454
12472
143
7643
52720
20779
34593
55398
39915
52904
50908
35484
64283
2148
29441
43834
61894
22733
34525
48084
31677
16393
44614
36488
26184
33629
56645
20664
1196
61501
27396
8892
14855
43004
21824
8882
28616
10133
57155
6284
29136
64968
12339
44200
33384
56226
45644
56713
48483
24513
60903
30334
35501
24267
16909
40096
10728
8793
59157
15264
35453
65268
61635
40210
45596
2102
51873
50348
61257
37774
52547
8084
19039
40299
54267
38312
58851
11517
4738
22161
56089
8124
8044
41793
12797
43653
11596
64457
47143
41385
38741
15119
4383
46881
12603
21203
34881
17752
37790
11219
6444
37100
59479
7458
15247
17314
27348
1072
12996
2576
62217
8610
42202
62150
58045
61271
51212
25945
49207
28439
34059
10137
42088
20625
197
3042
32682
28090
23792
6967
38382
49095
27819
40055
37683
10710
9588
30331
17008
29261
52607
32939
27923
65107
8890
17359
18196
27805
51781
1714
15530
60279
25300
20248
4608
4823
13708
64131
17519
